UNIFAC_parameters

-type
  classic

-list_of_main_groups
  0   CH3          [0]CH3 [1]CH2 [2]CH [3]C 
  1   CH2=CH       [4]CH2=CH [5]CH=CH [6]CH=C [7]CH2=C 
  2   ACH          [8]ACH [9]AC 
  3   ACCH3        [10]ACCH3 [11]ACCH2 [12]ACCH 
  4   OH           [13]OH 
  5   P1           [14]P1 
  6   P2           [15]P2 
  7   H2O          [16]H2O 
  8   ACOH         [17]ACOH 
  9   CH3CO        [18]CH3CO [19]CH2CO 
  10  CHO          [20]CHO 
  11  C5H4O2       [21]C5H4O2 
  12  COOH         [22]COOH [23]HCOOH 
  13  CH3COO       [24]CH3COO [25]CH2COO 
  14  CH3O         [26]CH3O [27]CH2O [28]CH-O [29]FCH2O 
  15  CH2Cl        [30]CH2Cl [31]CHCl [32]CCl 
  16  CH2Cl2       [33]CH2Cl2 [34]CHCl2 [35]CCl2 
  17  CHCl3        [36]CHCl3 [37]CCl3 
  18  CCl4         [38]CCl4 
  19  ACCl         [39]ACCl 
  20  CH3CN        [40]CH3CN [41]CH2CN 
  21  ACNH2        [42]ACNH2 
  22  CH3NO2       [43]CH3NO2 [44]CH2NO2 [45]CHNO2 
  23  ACNO2        [46]ACNO2 
  24  (CH2OH)2     [47](CH2OH)2 
  25  (HOCH2CH2)2  [48](HOCH2CH2)2 
  26  C5H5N        [49]C5H5N [50]C5H4N [51]C5H3N 
  27  CCl2=CHCl    [52]CCl2=CHCl 
  28  HCONHCH3     [53]HCONHCH3 
  29  HCON(CH3)2   [54]HCON(CH3)2 
  30  (CH2)4SO2    [55](CH2)4SO2 
  31  (CH2)2SO     [56](CH2)2SO 

-list_of_sub_groups
  0    CH3          0   CH3            0.9011   0.848
  1    CH2          0   CH3            0.6744    0.54
  2    CH           0   CH3            0.4469   0.228
  3    C            0   CH3            0.2195     0.0
  4    CH2=CH       1   CH2=CH         1.3454   1.176
  5    CH=CH        1   CH2=CH         1.1167   0.867
  6    CH=C         1   CH2=CH         0.8886   0.676
  7    CH2=C        1   CH2=CH         1.1173   0.988
  8    ACH          2   ACH            0.5313     0.4
  9    AC           2   ACH            0.3652    0.12
  10   ACCH3        3   ACCH3          1.2663   0.968
  11   ACCH2        3   ACCH3          1.0396    0.66
  12   ACCH         3   ACCH3          0.8121   0.348
  13   OH           4   OH                1.0     1.2
  14   P1           5   P1             3.2499   3.128
  15   P2           6   P2             3.2491   3.124
  16   H2O          7   H2O              0.92     1.4
  17   ACOH         8   ACOH           0.8952    0.68
  18   CH3CO        9   CH3CO          1.6724   1.488
  19   CH2CO        9   CH3CO          1.4457    1.18
  20   CHO          10  CHO             0.998   0.948
  21   C5H4O2       11  C5H4O2          3.168   2.484
  22   COOH         12  COOH           1.3013   1.224
  23   HCOOH        12  COOH            1.528   1.532
  24   CH3COO       13  CH3COO         1.9031   1.728
  25   CH2COO       13  CH3COO         1.6764    1.42
  26   CH3O         14  CH3O            1.145   1.088
  27   CH2O         14  CH3O           0.9183    0.78
  28   CH-O         14  CH3O           0.6908   0.468
  29   FCH2O        14  CH3O           0.9183     1.1
  30   CH2Cl        15  CH2Cl          1.4654   1.264
  31   CHCl         15  CH2Cl           1.238   0.952
  32   CCl          15  CH2Cl           1.006   0.724
  33   CH2Cl2       16  CH2Cl2         2.2564   1.988
  34   CHCl2        16  CH2Cl2         2.0606   1.684
  35   CCl2         16  CH2Cl2         1.8016   1.448
  36   CHCl3        17  CHCl3            2.87    2.11
  37   CCl3         17  CHCl3          2.6401   2.184
  38   CCl4         18  CCl4             3.39    2.91
  39   ACCl         19  ACCl           1.1562   0.844
  40   CH3CN        20  CH3CN          1.8701   1.724
  41   CH2CN        20  CH3CN          1.6434   1.416
  42   ACNH2        21  ACNH2            1.06   0.816
  43   CH3NO2       22  CH3NO2         2.0086   1.868
  44   CH2NO2       22  CH3NO2         1.7818    1.56
  45   CHNO2        22  CH3NO2         1.5544   1.248
  46   ACNO2        23  ACNO2          1.4199   1.104
  47   (CH2OH)2     24  (CH2OH)2       2.4088   2.248
  48   (HOCH2CH2)2  25  (HOCH2CH2)2    4.0013   3.568
  49   C5H5N        26  C5H5N          2.9993   2.113
  50   C5H4N        26  C5H5N          2.8332   1.833
  51   C5H3N        26  C5H5N           2.557   1.553
  52   CCl2=CHCl    27  CCl2=CHCl      3.3092    2.85
  53   HCONHCH3     28  HCONHCH3       2.4317   2.192
  54   HCON(CH3)2   29  HCON(CH3)2     3.0855   2.735
  55   (CH2)4SO2    30  (CH2)4SO2      4.0358     3.2
  56   (CH2)2SO     31  (CH2)2SO       2.8255   2.472

-list_of_interaction_parameters
  0   0   0.0      0.0  0.0  0.0      0.0  0.0
  0   1   74.54    0.0  0.0  292.3    0.0  0.0
  0   2   -114.8   0.0  0.0  156.5    0.0  0.0
  0   3   -115.7   0.0  0.0  104.4    0.0  0.0
  0   4   644.6    0.0  0.0  328.2    0.0  0.0
  0   5   329.6    0.0  0.0  -136.7   0.0  0.0
  0   6   310.7    0.0  0.0  -131.9   0.0  0.0
  0   7   1300.0   0.0  0.0  342.4    0.0  0.0
  0   8   2255.0   0.0  0.0  -159.8   0.0  0.0
  0   9   472.6    0.0  0.0  66.56    0.0  0.0
  0   10  158.1    0.0  0.0  146.1    0.0  0.0
  0   11  383.0    0.0  0.0  14.78    0.0  0.0
  0   12  138.4    0.0  0.0  1744.0   0.0  0.0
  0   13  972.4    0.0  0.0  -320.1   0.0  0.0
  0   14  662.1    0.0  0.0  1571.0   0.0  0.0
  0   15  42.14    0.0  0.0  73.8     0.0  0.0
  0   16  -243.9   0.0  0.0  27.9     0.0  0.0
  0   17  7.5      0.0  0.0  21.23    0.0  0.0
  0   18  -5.55    0.0  0.0  89.93    0.0  0.0
  0   19  924.8    0.0  0.0  -59.06   0.0  0.0
  0   20  696.8    0.0  0.0  29.08    0.0  0.0
  0   21  902.2    0.0  0.0  175.8    0.0  0.0
  0   22  556.7    0.0  0.0  94.34    0.0  0.0
  0   23  575.7    0.0  0.0  193.6    0.0  0.0
  0   24  527.5    0.0  0.0  108.5    0.0  0.0
  0   25  269.2    0.0  0.0  81.49    0.0  0.0
  0   26  -300.0   0.0  0.0  -128.8   0.0  0.0
  0   27  -63.6    0.0  0.0  147.0    0.0  0.0
  0   28  928.3    0.0  0.0  -11.91   0.0  0.0
  0   29  331.0    0.0  0.0  14.91    0.0  0.0
  0   30  561.4    0.0  0.0  67.84    0.0  0.0
  0   31  956.5    0.0  0.0  36.42    0.0  0.0
  1   0   292.3    0.0  0.0  74.54    0.0  0.0
  1   1   0.0      0.0  0.0  0.0      0.0  0.0
  1   2   340.0    0.0  0.0  -94.78   0.0  0.0
  1   3   4102.0   0.0  0.0  -269.7   0.0  0.0
  1   4   724.4    0.0  0.0  470.7    0.0  0.0
  1   5   1731.0   0.0  0.0  -135.7   0.0  0.0
  1   6   1731.0   0.0  0.0  -135.7   0.0  0.0
  1   7   896.0    0.0  0.0  220.6    0.0  0.0
  1   9   343.7    0.0  0.0  306.1    0.0  0.0
  1   10  -214.7   0.0  0.0  517.0    0.0  0.0
  1   12  1647.0   0.0  0.0  -48.52   0.0  0.0
  1   13  -577.5   0.0  0.0  485.6    0.0  0.0
  1   14  289.3    0.0  0.0  76.44    0.0  0.0
  1   15  99.61    0.0  0.0  -24.36   0.0  0.0
  1   16  337.1    0.0  0.0  -52.71   0.0  0.0
  1   17  4583.0   0.0  0.0  -185.1   0.0  0.0
  1   18  5831.0   0.0  0.0  -293.7   0.0  0.0
  1   20  405.9    0.0  0.0  34.78    0.0  0.0
  1   22  425.7    0.0  0.0  375.4    0.0  0.0
  1   28  500.7    0.0  0.0  176.7    0.0  0.0
  1   29  115.4    0.0  0.0  132.1    0.0  0.0
  1   30  784.4    0.0  0.0  42.73    0.0  0.0
  1   31  265.4    0.0  0.0  60.82    0.0  0.0
  2   0   156.5    0.0  0.0  -114.8   0.0  0.0
  2   1   -94.78   0.0  0.0  340.0    0.0  0.0
  2   2   0.0      0.0  0.0  0.0      0.0  0.0
  2   3   167.0    0.0  0.0  -146.8   0.0  0.0
  2   4   703.9    0.0  0.0  -9.21    0.0  0.0
  2   5   511.5    0.0  0.0  -223.0   0.0  0.0
  2   6   577.3    0.0  0.0  -252.0   0.0  0.0
  2   7   859.4    0.0  0.0  372.8    0.0  0.0
  2   8   1649.0   0.0  0.0  -473.2   0.0  0.0
  2   9   593.7    0.0  0.0  -78.31   0.0  0.0
  2   10  362.3    0.0  0.0  -75.3    0.0  0.0
  2   11  31.14    0.0  0.0  -10.44   0.0  0.0
  2   12  461.8    0.0  0.0  75.49    0.0  0.0
  2   13  6.0      0.0  0.0  114.8    0.0  0.0
  2   14  32.14    0.0  0.0  52.13    0.0  0.0
  2   15  -18.81   0.0  0.0  4.68     0.0  0.0
  2   17  -231.9   0.0  0.0  288.5    0.0  0.0
  2   18  3000.0   0.0  0.0  -4.7     0.0  0.0
  2   19  -878.1   0.0  0.0  777.8    0.0  0.0
  2   20  29.13    0.0  0.0  56.41    0.0  0.0
  2   21  1.64     0.0  0.0  -218.9   0.0  0.0
  2   22  -1.77    0.0  0.0  113.6    0.0  0.0
  2   23  -11.19   0.0  0.0  7.18     0.0  0.0
  2   24  358.9    0.0  0.0  247.3    0.0  0.0
  2   25  363.5    0.0  0.0  -50.71   0.0  0.0
  2   26  -578.2   0.0  0.0  -877.3   0.0  0.0
  2   28  364.2    0.0  0.0  -80.48   0.0  0.0
  2   29  -58.1    0.0  0.0  -17.78   0.0  0.0
  2   30  21.97    0.0  0.0  59.16    0.0  0.0
  2   31  84.16    0.0  0.0  29.77    0.0  0.0
  3   0   104.4    0.0  0.0  -115.7   0.0  0.0
  3   1   -269.7   0.0  0.0  4102.0   0.0  0.0
  3   2   -146.8   0.0  0.0  167.0    0.0  0.0
  3   3   0.0      0.0  0.0  0.0      0.0  0.0
  3   4   4000.0   0.0  0.0  1.27     0.0  0.0
  3   5   136.6    0.0  0.0  -162.6   0.0  0.0
  3   6   906.8    0.0  0.0  -273.6   0.0  0.0
  3   7   5695.0   0.0  0.0  203.7    0.0  0.0
  3   8   292.6    0.0  0.0  -470.4   0.0  0.0
  3   9   916.7    0.0  0.0  -73.87   0.0  0.0
  3   10  1218.0   0.0  0.0  223.2    0.0  0.0
  3   11  715.6    0.0  0.0  -184.9   0.0  0.0
  3   12  339.1    0.0  0.0  147.3    0.0  0.0
  3   13  5688.0   0.0  0.0  -170.0   0.0  0.0
  3   14  213.1    0.0  0.0  65.69    0.0  0.0
  3   15  -114.1   0.0  0.0  122.9    0.0  0.0
  3   17  -12.14   0.0  0.0  33.61    0.0  0.0
  3   18  -141.3   0.0  0.0  134.7    0.0  0.0
  3   19  -107.3   0.0  0.0  -47.13   0.0  0.0
  3   20  1208.0   0.0  0.0  -53.29   0.0  0.0
  3   21  689.6    0.0  0.0  -15.41   0.0  0.0
  3   22  3629.0   0.0  0.0  -97.05   0.0  0.0
  3   23  -175.6   0.0  0.0  -127.1   0.0  0.0
  3   24  337.7    0.0  0.0  453.4    0.0  0.0
  3   25  1023.0   0.0  0.0  -30.28   0.0  0.0
  3   26  -390.7   0.0  0.0  -124.6   0.0  0.0
  3   30  238.0    0.0  0.0  26.59    0.0  0.0
  3   31  132.2    0.0  0.0  55.97    0.0  0.0
  4   0   328.2    0.0  0.0  644.6    0.0  0.0
  4   1   470.7    0.0  0.0  724.4    0.0  0.0
  4   2   -9.21    0.0  0.0  703.9    0.0  0.0
  4   3   1.27     0.0  0.0  4000.0   0.0  0.0
  4   4   0.0      0.0  0.0  0.0      0.0  0.0
  4   5   937.3    0.0  0.0  -281.1   0.0  0.0
  4   6   991.3    0.0  0.0  -268.8   0.0  0.0
  4   7   28.73    0.0  0.0  -122.4   0.0  0.0
  4   8   -195.5   0.0  0.0  -63.15   0.0  0.0
  4   9   67.07    0.0  0.0  216.0    0.0  0.0
  4   10  1409.0   0.0  0.0  -431.3   0.0  0.0
  4   11  -140.3   0.0  0.0  444.7    0.0  0.0
  4   12  -104.0   0.0  0.0  118.4    0.0  0.0
  4   13  195.6    0.0  0.0  180.6    0.0  0.0
  4   14  262.5    0.0  0.0  137.1    0.0  0.0
  4   15  62.05    0.0  0.0  455.1    0.0  0.0
  4   16  272.2    0.0  0.0  669.2    0.0  0.0
  4   17  -16.57   0.0  0.0  418.4    0.0  0.0
  4   18  -41.75   0.0  0.0  713.5    0.0  0.0
  4   19  -597.1   0.0  0.0  1989.0   0.0  0.0
  4   20  -189.3   0.0  0.0  2011.0   0.0  0.0
  4   21  -348.2   0.0  0.0  529.0    0.0  0.0
  4   22  -30.7    0.0  0.0  483.8    0.0  0.0
  4   23  -159.0   0.0  0.0  332.6    0.0  0.0
  4   24  536.6    0.0  0.0  -289.3   0.0  0.0
  4   25  53.37    0.0  0.0  -99.56   0.0  0.0
  4   26  183.3    0.0  0.0  -319.2   0.0  0.0
  4   27  -44.44   0.0  0.0  837.9    0.0  0.0
  7   0   342.4    0.0  0.0  1300.0   0.0  0.0
  7   1   220.6    0.0  0.0  896.0    0.0  0.0
  7   2   372.8    0.0  0.0  859.4    0.0  0.0
  7   3   203.7    0.0  0.0  5695.0   0.0  0.0
  7   4   -122.4   0.0  0.0  28.73    0.0  0.0
  7   5   247.0    0.0  0.0  -61.29   0.0  0.0
  7   6   104.9    0.0  0.0  5.89     0.0  0.0
  7   7   0.0      0.0  0.0  0.0      0.0  0.0
  7   8   344.5    0.0  0.0  -595.9   0.0  0.0
  7   9   -171.8   0.0  0.0  634.8    0.0  0.0
  7   10  -349.9   0.0  0.0  623.7    0.0  0.0
  7   11  66.95    0.0  0.0  211.6    0.0  0.0
  7   12  -465.7   0.0  0.0  652.3    0.0  0.0
  7   13  -6.32    0.0  0.0  385.9    0.0  0.0
  7   14  64.42    0.0  0.0  212.8    0.0  0.0
  7   15  315.9    0.0  0.0  770.0    0.0  0.0
  7   16  370.7    0.0  0.0  740.4    0.0  0.0
  7   17  356.8    0.0  0.0  793.2    0.0  0.0
  7   18  502.9    0.0  0.0  1205.0   0.0  0.0
  7   19  -97.27   0.0  0.0  390.7    0.0  0.0
  7   20  198.3    0.0  0.0  63.48    0.0  0.0
  7   21  -109.8   0.0  0.0  -239.8   0.0  0.0
  7   22  1539.0   0.0  0.0  13.32    0.0  0.0
  7   23  32.92    0.0  0.0  439.9    0.0  0.0
  7   24  -269.2   0.0  0.0  -424.3   0.0  0.0
  7   26  -873.6   0.0  0.0  203.0    0.0  0.0
  7   27  1429.0   0.0  0.0  1153.0   0.0  0.0
  7   28  -364.2   0.0  0.0  311.0    0.0  0.0
  7   29  -117.4   0.0  0.0  -262.6   0.0  0.0
  7   30  18.41    0.0  0.0  1.11     0.0  0.0
  8   0   -159.8   0.0  0.0  2255.0   0.0  0.0
  8   2   -473.2   0.0  0.0  1649.0   0.0  0.0
  8   3   -470.4   0.0  0.0  292.6    0.0  0.0
  8   4   -63.15   0.0  0.0  -195.5   0.0  0.0
  8   5   -547.2   0.0  0.0  -153.2   0.0  0.0
  8   6   -547.2   0.0  0.0  -153.2   0.0  0.0
  8   7   -595.9   0.0  0.0  344.5    0.0  0.0
  8   8   0.0      0.0  0.0  0.0      0.0  0.0
  8   9   -825.7   0.0  0.0  -586.0   0.0  0.0
  8   13  -898.3   0.0  0.0  -337.3   0.0  0.0
  8   18  4894.0   0.0  0.0  1616.0   0.0  0.0
  8   21  -851.6   0.0  0.0  -860.3   0.0  0.0
  8   23  -16.13   0.0  0.0  -230.4   0.0  0.0
  8   24  -538.6   0.0  0.0  523.0    0.0  0.0
  8   26  -637.3   0.0  0.0  -227.7   0.0  0.0
  9   0   66.56    0.0  0.0  472.6    0.0  0.0
  9   1   306.1    0.0  0.0  343.7    0.0  0.0
  9   2   -78.31   0.0  0.0  593.7    0.0  0.0
  9   3   -73.87   0.0  0.0  916.7    0.0  0.0
  9   4   216.0    0.0  0.0  67.07    0.0  0.0
  9   5   401.7    0.0  0.0  -47.41   0.0  0.0
  9   6   -127.6   0.0  0.0  353.8    0.0  0.0
  9   7   634.8    0.0  0.0  -171.8   0.0  0.0
  9   8   -586.0   0.0  0.0  -825.7   0.0  0.0
  9   9   0.0      0.0  0.0  0.0      0.0  0.0
  9   10  -37.36   0.0  0.0  128.0    0.0  0.0
  9   11  120.3    0.0  0.0  48.93    0.0  0.0
  9   12  1247.0   0.0  0.0  -101.3   0.0  0.0
  9   13  258.7    0.0  0.0  58.84    0.0  0.0
  9   14  5.202    0.0  0.0  52.38    0.0  0.0
  9   15  1000.0   0.0  0.0  483.9    0.0  0.0
  9   16  -301.0   0.0  0.0  550.6    0.0  0.0
  9   17  12.01    0.0  0.0  342.2    0.0  0.0
  9   18  -10.88   0.0  0.0  550.0    0.0  0.0
  9   19  902.6    0.0  0.0  190.5    0.0  0.0
  9   20  430.6    0.0  0.0  -349.2   0.0  0.0
  9   21  1010.0   0.0  0.0  857.7    0.0  0.0
  9   22  400.0    0.0  0.0  377.0    0.0  0.0
  9   23  -328.6   0.0  0.0  211.6    0.0  0.0
  9   24  211.6    0.0  0.0  82.77    0.0  0.0
  9   27  148.0    0.0  0.0  417.4    0.0  0.0
  11  0   14.78    0.0  0.0  383.0    0.0  0.0
  11  2   -10.44   0.0  0.0  31.14    0.0  0.0
  11  3   -184.9   0.0  0.0  715.6    0.0  0.0
  11  4   444.7    0.0  0.0  -140.3   0.0  0.0
  11  5   -94.64   0.0  0.0  299.3    0.0  0.0
  11  6   732.3    0.0  0.0  -241.8   0.0  0.0
  11  7   211.6    0.0  0.0  66.95    0.0  0.0
  11  9   48.93    0.0  0.0  120.3    0.0  0.0
  11  10  -311.6   0.0  0.0  1724.0   0.0  0.0
  11  11  0.0      0.0  0.0  0.0      0.0  0.0
  11  12  1919.0   0.0  0.0  -115.7   0.0  0.0
  11  13  57.7     0.0  0.0  -46.13   0.0  0.0
  11  16  -347.9   0.0  0.0  808.8    0.0  0.0
  11  17  -249.3   0.0  0.0  203.1    0.0  0.0
  11  18  61.59    0.0  0.0  70.14    0.0  0.0
  11  24  -278.2   0.0  0.0  -75.23   0.0  0.0
  11  26  -208.4   0.0  0.0  -201.9   0.0  0.0
  11  27  -13.91   0.0  0.0  123.2    0.0  0.0
  11  29  173.8    0.0  0.0  -281.9   0.0  0.0
  12  0   1744.0   0.0  0.0  138.4    0.0  0.0
  12  1   -48.52   0.0  0.0  1647.0   0.0  0.0
  12  2   75.49    0.0  0.0  461.8    0.0  0.0
  12  3   147.3    0.0  0.0  339.1    0.0  0.0
  12  4   118.4    0.0  0.0  -104.0   0.0  0.0
  12  5   728.7    0.0  0.0  244.4    0.0  0.0
  12  6   349.1    0.0  0.0  -57.98   0.0  0.0
  12  7   652.3    0.0  0.0  -465.7   0.0  0.0
  12  9   -101.3   0.0  0.0  1247.0   0.0  0.0
  12  10  1051.0   0.0  0.0  0.75     0.0  0.0
  12  11  -115.7   0.0  0.0  1919.0   0.0  0.0
  12  12  0.0      0.0  0.0  0.0      0.0  0.0
  12  13  -117.6   0.0  0.0  1417.0   0.0  0.0
  12  14  -96.62   0.0  0.0  1402.0   0.0  0.0
  12  15  19.77    0.0  0.0  337.1    0.0  0.0
  12  16  108.9    0.0  0.0  437.7    0.0  0.0
  12  17  48.15    0.0  0.0  370.4    0.0  0.0
  12  18  43.83    0.0  0.0  438.1    0.0  0.0
  12  19  874.3    0.0  0.0  1349.0   0.0  0.0
  12  21  942.2    0.0  0.0  681.4    0.0  0.0
  12  22  446.3    0.0  0.0  152.4    0.0  0.0
  12  24  572.2    0.0  0.0  -1707.0  0.0  0.0
  12  27  -2.16    0.0  0.0  639.7    0.0  0.0
  13  0   -320.1   0.0  0.0  972.4    0.0  0.0
  13  1   485.6    0.0  0.0  -577.5   0.0  0.0
  13  2   114.8    0.0  0.0  6.0      0.0  0.0
  13  3   -170.0   0.0  0.0  5688.0   0.0  0.0
  13  4   180.6    0.0  0.0  195.6    0.0  0.0
  13  5   -76.64   0.0  0.0  19.57    0.0  0.0
  13  6   -152.8   0.0  0.0  487.1    0.0  0.0
  13  7   385.9    0.0  0.0  -6.32    0.0  0.0
  13  8   -337.3   0.0  0.0  -898.3   0.0  0.0
  13  9   58.84    0.0  0.0  258.7    0.0  0.0
  13  10  1090.0   0.0  0.0  -245.8   0.0  0.0
  13  11  -46.13   0.0  0.0  57.7     0.0  0.0
  13  12  1417.0   0.0  0.0  -117.6   0.0  0.0
  13  13  0.0      0.0  0.0  0.0      0.0  0.0
  13  14  -235.7   0.0  0.0  461.3    0.0  0.0
  13  16  137.8    0.0  0.0  -132.9   0.0  0.0
  13  17  -209.7   0.0  0.0  176.5    0.0  0.0
  13  18  54.57    0.0  0.0  129.5    0.0  0.0
  13  19  629.0    0.0  0.0  -246.3   0.0  0.0
  13  20  -149.2   0.0  0.0  2.41     0.0  0.0
  13  24  343.1    0.0  0.0  29.86    0.0  0.0
  17  0   21.23    0.0  0.0  7.5      0.0  0.0
  17  1   -185.1   0.0  0.0  4583.0   0.0  0.0
  17  2   288.5    0.0  0.0  -231.9   0.0  0.0
  17  3   33.61    0.0  0.0  -12.14   0.0  0.0
  17  4   418.4    0.0  0.0  -16.57   0.0  0.0
  17  5   -465.7   0.0  0.0  1544.0   0.0  0.0
  17  6   -465.7   0.0  0.0  1544.0   0.0  0.0
  17  7   793.2    0.0  0.0  356.8    0.0  0.0
  17  9   342.2    0.0  0.0  12.01    0.0  0.0
  17  11  203.1    0.0  0.0  -249.3   0.0  0.0
  17  12  370.4    0.0  0.0  48.15    0.0  0.0
  17  13  176.5    0.0  0.0  -209.7   0.0  0.0
  17  14  -20.93   0.0  0.0  -154.3   0.0  0.0
  17  15  -157.1   0.0  0.0  249.2    0.0  0.0
  17  17  0.0      0.0  0.0  0.0      0.0  0.0
  17  18  -30.1    0.0  0.0  51.9     0.0  0.0
  17  20  70.04    0.0  0.0  -15.62   0.0  0.0
  17  21  -75.5    0.0  0.0  -216.3   0.0  0.0
  17  26  18.98    0.0  0.0  -114.7   0.0  0.0
  19  0   -59.06   0.0  0.0  924.8    0.0  0.0
  19  2   777.8    0.0  0.0  -878.1   0.0  0.0
  19  3   -47.13   0.0  0.0  -107.3   0.0  0.0
  19  4   1989.0   0.0  0.0  -597.1   0.0  0.0
  19  7   390.7    0.0  0.0  -97.27   0.0  0.0
  19  9   190.5    0.0  0.0  902.6    0.0  0.0
  19  12  1349.0   0.0  0.0  874.3    0.0  0.0
  19  13  -246.3   0.0  0.0  629.0    0.0  0.0
  19  18  -255.4   0.0  0.0  475.8    0.0  0.0
  19  19  0.0      0.0  0.0  0.0      0.0  0.0
  19  20  346.2    0.0  0.0  -465.2   0.0  0.0
  19  22  -154.5   0.0  0.0  794.4    0.0  0.0
  19  24  124.8    0.0  0.0  -241.7   0.0  0.0
  19  26  -387.7   0.0  0.0  -906.5   0.0  0.0
  20  0   29.08    0.0  0.0  696.8    0.0  0.0
  20  1   34.78    0.0  0.0  405.9    0.0  0.0
  20  2   56.41    0.0  0.0  29.13    0.0  0.0
  20  3   -53.29   0.0  0.0  1208.0   0.0  0.0
  20  4   2011.0   0.0  0.0  -189.3   0.0  0.0
  20  7   63.48    0.0  0.0  198.3    0.0  0.0
  20  9   -349.2   0.0  0.0  430.6    0.0  0.0
  20  13  2.41     0.0  0.0  -149.2   0.0  0.0
  20  17  -15.62   0.0  0.0  70.04    0.0  0.0
  20  18  -54.86   0.0  0.0  492.0    0.0  0.0
  20  19  -465.2   0.0  0.0  346.2    0.0  0.0
  20  20  0.0      0.0  0.0  0.0      0.0  0.0
  20  26  134.3    0.0  0.0  -169.7   0.0  0.0
  21  0   175.8    0.0  0.0  902.2    0.0  0.0
  21  2   -218.9   0.0  0.0  1.64     0.0  0.0
  21  3   -15.41   0.0  0.0  689.6    0.0  0.0
  21  4   529.0    0.0  0.0  -348.2   0.0  0.0
  21  7   -239.8   0.0  0.0  -109.8   0.0  0.0
  21  8   -860.3   0.0  0.0  -851.6   0.0  0.0
  21  9   857.7    0.0  0.0  1010.0   0.0  0.0
  21  12  681.4    0.0  0.0  942.2    0.0  0.0
  21  17  -216.3   0.0  0.0  -75.5    0.0  0.0
  21  18  8455.0   0.0  0.0  1302.0   0.0  0.0
  21  21  0.0      0.0  0.0  0.0      0.0  0.0
  21  23  179.9    0.0  0.0  175.8    0.0  0.0
  21  24  125.3    0.0  0.0  164.4    0.0  0.0
  21  26  924.5    0.0  0.0  -944.9   0.0  0.0
  22  0   94.34    0.0  0.0  556.7    0.0  0.0
  22  1   375.4    0.0  0.0  425.7    0.0  0.0
  22  2   113.6    0.0  0.0  -1.77    0.0  0.0
  22  3   -97.05   0.0  0.0  3629.0   0.0  0.0
  22  4   483.8    0.0  0.0  -30.7    0.0  0.0
  22  5   264.7    0.0  0.0  150.8    0.0  0.0
  22  6   264.7    0.0  0.0  150.8    0.0  0.0
  22  7   13.32    0.0  0.0  1539.0   0.0  0.0
  22  9   377.0    0.0  0.0  400.0    0.0  0.0
  22  12  152.4    0.0  0.0  446.3    0.0  0.0
  22  14  -94.49   0.0  0.0  95.18    0.0  0.0
  22  18  -34.68   0.0  0.0  490.9    0.0  0.0
  22  19  794.4    0.0  0.0  -154.5   0.0  0.0
  22  22  0.0      0.0  0.0  0.0      0.0  0.0
  22  24  139.8    0.0  0.0  481.3    0.0  0.0
  23  0   193.6    0.0  0.0  575.7    0.0  0.0
  23  2   7.18     0.0  0.0  -11.19   0.0  0.0
  23  3   -127.1   0.0  0.0  -175.6   0.0  0.0
  23  4   332.6    0.0  0.0  -159.0   0.0  0.0
  23  7   439.9    0.0  0.0  32.92    0.0  0.0
  23  8   -230.4   0.0  0.0  -16.13   0.0  0.0
  23  9   211.6    0.0  0.0  -328.6   0.0  0.0
  23  18  514.6    0.0  0.0  534.7    0.0  0.0
  23  21  175.8    0.0  0.0  179.9    0.0  0.0
  23  23  0.0      0.0  0.0  0.0      0.0  0.0
  23  24  963.0    0.0  0.0  -246.0   0.0  0.0
  24  0   108.5    0.0  0.0  527.5    0.0  0.0
  24  2   247.3    0.0  0.0  358.9    0.0  0.0
  24  3   453.4    0.0  0.0  337.7    0.0  0.0
  24  4   -289.3   0.0  0.0  536.6    0.0  0.0
  24  7   -424.3   0.0  0.0  -269.2   0.0  0.0
  24  8   523.0    0.0  0.0  -538.6   0.0  0.0
  24  9   82.77    0.0  0.0  211.6    0.0  0.0
  24  11  -75.23   0.0  0.0  -278.2   0.0  0.0
  24  12  -1707.0  0.0  0.0  572.2    0.0  0.0
  24  13  29.86    0.0  0.0  343.1    0.0  0.0
  24  19  -241.7   0.0  0.0  124.8    0.0  0.0
  24  21  164.4    0.0  0.0  125.3    0.0  0.0
  24  22  481.3    0.0  0.0  139.8    0.0  0.0
  24  23  -246.0   0.0  0.0  963.0    0.0  0.0
  24  24  0.0      0.0  0.0  0.0      0.0  0.0
  25  0   81.49    0.0  0.0  269.2    0.0  0.0
  25  2   -50.71   0.0  0.0  363.5    0.0  0.0
  25  3   -30.28   0.0  0.0  1023.0   0.0  0.0
  25  4   -99.56   0.0  0.0  53.37    0.0  0.0
  25  25  0.0      0.0  0.0  0.0      0.0  0.0
  26  0   -128.8   0.0  0.0  -300.0   0.0  0.0
  26  2   -877.3   0.0  0.0  -578.2   0.0  0.0
  26  3   -124.6   0.0  0.0  -390.7   0.0  0.0
  26  4   -319.2   0.0  0.0  183.3    0.0  0.0
  26  7   203.0    0.0  0.0  -873.6   0.0  0.0
  26  8   -227.7   0.0  0.0  -637.3   0.0  0.0
  26  11  -201.9   0.0  0.0  -208.4   0.0  0.0
  26  17  -114.7   0.0  0.0  18.98    0.0  0.0
  26  19  -906.5   0.0  0.0  -387.7   0.0  0.0
  26  20  -169.7   0.0  0.0  134.3    0.0  0.0
  26  21  -944.9   0.0  0.0  924.5    0.0  0.0
  26  26  0.0      0.0  0.0  0.0      0.0  0.0
  27  0   147.0    0.0  0.0  -63.6    0.0  0.0
  27  4   837.9    0.0  0.0  -44.44   0.0  0.0
  27  7   1153.0   0.0  0.0  1429.0   0.0  0.0
  27  9   417.4    0.0  0.0  148.0    0.0  0.0
  27  11  123.2    0.0  0.0  -13.91   0.0  0.0
  27  12  639.7    0.0  0.0  -2.16    0.0  0.0
  27  27  0.0      0.0  0.0  0.0      0.0  0.0
  28  0   -11.91   0.0  0.0  928.3    0.0  0.0
  28  1   176.7    0.0  0.0  500.7    0.0  0.0
  28  2   -80.48   0.0  0.0  364.2    0.0  0.0
  28  7   311.0    0.0  0.0  -364.2   0.0  0.0
  28  28  0.0      0.0  0.0  0.0      0.0  0.0
  29  0   14.91    0.0  0.0  331.0    0.0  0.0
  29  1   132.1    0.0  0.0  115.4    0.0  0.0
  29  2   -17.78   0.0  0.0  -58.1    0.0  0.0
  29  7   -262.6   0.0  0.0  -117.4   0.0  0.0
  29  11  -281.9   0.0  0.0  173.8    0.0  0.0
  29  29  0.0      0.0  0.0  0.0      0.0  0.0
  30  0   67.84    0.0  0.0  561.4    0.0  0.0
  30  1   42.73    0.0  0.0  784.4    0.0  0.0
  30  2   59.16    0.0  0.0  21.97    0.0  0.0
  30  3   26.59    0.0  0.0  238.0    0.0  0.0
  30  7   1.11     0.0  0.0  18.41    0.0  0.0
  30  30  0.0      0.0  0.0  0.0      0.0  0.0
  31  0   36.42    0.0  0.0  956.5    0.0  0.0
  31  1   60.82    0.0  0.0  265.4    0.0  0.0
  31  2   29.77    0.0  0.0  84.16    0.0  0.0
  31  3   55.97    0.0  0.0  132.2    0.0  0.0
  31  31  0.0      0.0  0.0  0.0      0.0  0.0
  5   0   -136.7   0.0  0.0  329.6    0.0  0.0
  5   1   -135.7   0.0  0.0  1731.0   0.0  0.0
  5   2   -223.0   0.0  0.0  511.5    0.0  0.0
  5   3   -162.6   0.0  0.0  136.6    0.0  0.0
  5   4   -281.1   0.0  0.0  937.3    0.0  0.0
  5   5   0.0      0.0  0.0  0.0      0.0  0.0
  5   6   0.0      0.0  0.0  0.0      0.0  0.0
  5   7   -61.29   0.0  0.0  247.0    0.0  0.0
  5   8   -153.2   0.0  0.0  -547.2   0.0  0.0
  5   9   -47.41   0.0  0.0  401.7    0.0  0.0
  5   10  -344.1   0.0  0.0  643.4    0.0  0.0
  5   11  299.3    0.0  0.0  -94.64   0.0  0.0
  5   12  244.4    0.0  0.0  728.7    0.0  0.0
  5   13  19.57    0.0  0.0  -76.64   0.0  0.0
  5   14  1970.0   0.0  0.0  -218.1   0.0  0.0
  5   15  -166.4   0.0  0.0  351.5    0.0  0.0
  5   16  128.6    0.0  0.0  -186.1   0.0  0.0
  5   17  1544.0   0.0  0.0  -465.7   0.0  0.0
  5   18  224.6    0.0  0.0  -260.3   0.0  0.0
  5   22  150.8    0.0  0.0  264.7    0.0  0.0
  6   0   -131.9   0.0  0.0  310.7    0.0  0.0
  6   1   -135.7   0.0  0.0  1731.0   0.0  0.0
  6   2   -252.0   0.0  0.0  577.3    0.0  0.0
  6   3   -273.6   0.0  0.0  906.8    0.0  0.0
  6   4   -268.8   0.0  0.0  991.3    0.0  0.0
  6   5   0.0      0.0  0.0  0.0      0.0  0.0
  6   6   0.0      0.0  0.0  0.0      0.0  0.0
  6   7   5.89     0.0  0.0  104.9    0.0  0.0
  6   8   -153.2   0.0  0.0  -547.2   0.0  0.0
  6   9   353.8    0.0  0.0  -127.6   0.0  0.0
  6   10  -338.6   0.0  0.0  231.4    0.0  0.0
  6   11  -241.8   0.0  0.0  732.3    0.0  0.0
  6   12  -57.98   0.0  0.0  349.1    0.0  0.0
  6   13  487.1    0.0  0.0  -152.8   0.0  0.0
  6   14  1970.0   0.0  0.0  -218.1   0.0  0.0
  6   15  -166.4   0.0  0.0  351.5    0.0  0.0
  6   16  507.8    0.0  0.0  -401.6   0.0  0.0
  6   17  1544.0   0.0  0.0  -465.7   0.0  0.0
  6   18  -207.0   0.0  0.0  512.2    0.0  0.0
  6   22  150.8    0.0  0.0  264.7    0.0  0.0
  14  0   1571.0   0.0  0.0  662.1    0.0  0.0
  14  1   76.44    0.0  0.0  289.3    0.0  0.0
  14  2   52.13    0.0  0.0  32.14    0.0  0.0
  14  3   65.69    0.0  0.0  213.1    0.0  0.0
  14  4   137.1    0.0  0.0  262.5    0.0  0.0
  14  5   -218.1   0.0  0.0  1970.0   0.0  0.0
  14  6   -218.1   0.0  0.0  1970.0   0.0  0.0
  14  7   212.8    0.0  0.0  64.42    0.0  0.0
  14  9   52.38    0.0  0.0  5.202    0.0  0.0
  14  12  1402.0   0.0  0.0  -96.62   0.0  0.0
  14  13  461.3    0.0  0.0  -235.7   0.0  0.0
  14  14  0.0      0.0  0.0  0.0      0.0  0.0
  14  15  301.1    0.0  0.0  225.4    0.0  0.0
  14  16  110.5    0.0  0.0  -197.7   0.0  0.0
  14  17  -154.3   0.0  0.0  -20.93   0.0  0.0
  14  18  47.67    0.0  0.0  113.9    0.0  0.0
  14  22  95.18    0.0  0.0  -94.49   0.0  0.0
  15  0   73.8     0.0  0.0  42.14    0.0  0.0
  15  1   -24.36   0.0  0.0  99.61    0.0  0.0
  15  2   4.68     0.0  0.0  -18.81   0.0  0.0
  15  3   122.9    0.0  0.0  -114.1   0.0  0.0
  15  4   455.1    0.0  0.0  62.05    0.0  0.0
  15  5   351.5    0.0  0.0  -166.4   0.0  0.0
  15  6   351.5    0.0  0.0  -166.4   0.0  0.0
  15  7   770.0    0.0  0.0  315.9    0.0  0.0
  15  9   483.9    0.0  0.0  1000.0   0.0  0.0
  15  10  -47.51   0.0  0.0  751.8    0.0  0.0
  15  12  337.1    0.0  0.0  19.77    0.0  0.0
  15  14  225.4    0.0  0.0  301.1    0.0  0.0
  15  15  0.0      0.0  0.0  0.0      0.0  0.0
  15  16  0.0      0.0  0.0  -21.35   0.0  0.0
  15  17  249.2    0.0  0.0  -157.1   0.0  0.0
  15  18  62.42    0.0  0.0  11.8     0.0  0.0
  16  0   27.9     0.0  0.0  -243.9   0.0  0.0
  16  1   -52.71   0.0  0.0  337.1    0.0  0.0
  16  4   669.2    0.0  0.0  272.2    0.0  0.0
  16  5   -186.1   0.0  0.0  128.6    0.0  0.0
  16  6   -401.6   0.0  0.0  507.8    0.0  0.0
  16  7   740.4    0.0  0.0  370.7    0.0  0.0
  16  9   550.6    0.0  0.0  -301.0   0.0  0.0
  16  11  808.8    0.0  0.0  -347.9   0.0  0.0
  16  12  437.7    0.0  0.0  108.9    0.0  0.0
  16  13  -132.9   0.0  0.0  137.8    0.0  0.0
  16  14  -197.7   0.0  0.0  110.5    0.0  0.0
  16  15  -21.35   0.0  0.0  0.0      0.0  0.0
  16  18  56.33    0.0  0.0  17.97    0.0  0.0
  18  0   89.93    0.0  0.0  -5.55    0.0  0.0
  18  1   -293.7   0.0  0.0  5831.0   0.0  0.0
  18  2   -4.7     0.0  0.0  3000.0   0.0  0.0
  18  3   134.7    0.0  0.0  -141.3   0.0  0.0
  18  4   713.5    0.0  0.0  -41.75   0.0  0.0
  18  5   -260.3   0.0  0.0  224.6    0.0  0.0
  18  6   512.2    0.0  0.0  -207.0   0.0  0.0
  18  7   1205.0   0.0  0.0  502.9    0.0  0.0
  18  8   1616.0   0.0  0.0  4894.0   0.0  0.0
  18  9   550.0    0.0  0.0  -10.88   0.0  0.0
  18  11  70.14    0.0  0.0  61.59    0.0  0.0
  18  12  438.1    0.0  0.0  43.83    0.0  0.0
  18  13  129.5    0.0  0.0  54.57    0.0  0.0
  18  14  113.9    0.0  0.0  47.67    0.0  0.0
  18  15  11.8     0.0  0.0  62.42    0.0  0.0
  18  16  17.97    0.0  0.0  56.33    0.0  0.0
  18  17  51.9     0.0  0.0  -30.1    0.0  0.0
  18  18  0.0      0.0  0.0  0.0      0.0  0.0
  18  19  475.8    0.0  0.0  -255.4   0.0  0.0
  18  20  492.0    0.0  0.0  -54.86   0.0  0.0
  18  21  1302.0   0.0  0.0  8455.0   0.0  0.0
  18  22  490.9    0.0  0.0  -34.68   0.0  0.0
  18  23  534.7    0.0  0.0  514.6    0.0  0.0
  10  0   146.1    0.0  0.0  158.1    0.0  0.0
  10  1   517.0    0.0  0.0  -214.7   0.0  0.0
  10  2   -75.3    0.0  0.0  362.3    0.0  0.0
  10  3   223.2    0.0  0.0  1218.0   0.0  0.0
  10  4   -431.3   0.0  0.0  1409.0   0.0  0.0
  10  5   643.4    0.0  0.0  -344.1   0.0  0.0
  10  6   231.4    0.0  0.0  -338.6   0.0  0.0
  10  7   623.7    0.0  0.0  -349.9   0.0  0.0
  10  9   128.0    0.0  0.0  -37.36   0.0  0.0
  10  10  0.0      0.0  0.0  0.0      0.0  0.0
  10  11  1724.0   0.0  0.0  -311.6   0.0  0.0
  10  12  0.75     0.0  0.0  1051.0   0.0  0.0
  10  13  -245.8   0.0  0.0  1090.0   0.0  0.0
  10  15  751.8    0.0  0.0  -47.51   0.0  0.0
